20 40 40 10
30 26 45 8 47 39 12 46 23 42 34 4 16 11 1 7 1 10 29 4 16 20 2 47 14 35 0 40 30 7 1 43 17 17 24 14 10 2 4 5 
23 22 21 48 26 26 37 49 11 32 30 44 47 18 17 46 18 2 45 46 43 39 22 1 34 39 33 37 46 1 38 6 22 19 28 17 47 37 24 48 
9 28 41 13 16 10 10 49 37 48 4 7 25 2 12 42 3 32 14 26 38 34 10 5 7 8 15 31 14 42 18 4 41 19 11 14 31 1 0 15 
28 31 39 20 47 18 4 33 10 5 7 3 21 29 37 45 19 33 45 29 33 11 1 35 15 49 34 24 28 26 31 22 25 39 45 28 40 42 32 29 
21 25 8 15 32 35 15 36 43 6 33 25 31 31 25 43 32 47 29 43 15 47 21 48 30 18 43 43 16 15 7 45 45 3 10 38 49 11 42 19 
18 30 40 49 33 16 16 49 33 14 10 49 27 4 30 7 16 2 41 7 7 13 24 3 23 34 2 19 9 43 46 26 5 5 28 36 35 8 29 32 
14 15 46 16 12 23 36 17 6 31 19 18 47 41 36 33 41 10 39 3 49 29 17 48 31 2 10 16 43 4 43 40 12 34 24 5 34 3 6 44 
10 36 29 16 23 17 14 8 18 2 6 8 38 19 32 28 27 1 0 35 15 31 5 2 17 40 48 15 24 37 22 18 36 30 39 16 24 34 22 35 
21 22 47 36 14 35 6 19 23 21 18 20 22 47 19 41 11 30 41 47 29 32 3 33 46 41 38 0 29 4 35 10 3 24 26 18 4 43 1 44 
33 38 26 27 42 14 41 39 45 10 30 20 24 11 3 13 30 28 3 39 43 34 13 9 39 18 19 21 2 16 26 22 24 39 12 19 18 9 30 2 
20 27 15 0 37 20 15 23 7 20 6 24 49 18 3 18 2 17 33 39 8 4 21 38 31 21 32 41 49 45 49 29 14 1 14 45 30 48 12 21 
20 1 31 49 25 2 13 36 22 28 14 29 19 10 10 1 20 27 37 1 27 29 13 32 20 14 48 6 31 7 44 26 19 3 44 42 41 40 34 15 
4 4 29 1 30 14 26 8 44 39 12 14 15 1 20 32 41 6 10 40 7 28 47 22 49 3 37 46 11 49 31 1 12 35 13 34 14 11 11 36 
45 39 34 24 41 10 14 40 44 47 4 44 9 7 16 7 48 7 32 33 25 33 11 45 0 23 26 5 22 49 32 23 2 19 49 11 1 16 36 21 
26 38 10 49 6 6 13 15 48 9 36 9 0 19 34 19 16 3 9 23 20 45 24 47 18 27 8 7 42 30 15 9 21 40 22 47 13 0 39 12 
44 16 46 43 33 47 38 45 34 26 35 42 46 49 26 32 10 28 41 28 32 28 12 48 49 39 46 23 27 39 42 34 7 45 3 42 48 44 4 38 
28 32 35 20 25 49 43 0 22 20 1 49 37 42 45 5 39 17 17 46 39 34 49 30 24 24 1 28 11 20 9 45 41 3 35 19 44 23 34 36 
20 11 21 19 22 0 31 29 30 18 31 30 10 28 22 5 2 12 47 8 38 5 5 31 3 25 23 11 20 21 41 32 11 35 6 2 39 44 24 10 
46 15 5 42 28 10 6 23 44 49 17 6 48 47 31 19 28 21 43 5 35 8 29 4 39 15 29 4 7 48 45 11 47 28 19 30 37 19 44 22 
42 4 48 25 29 48 33 26 13 24 20 30 38 38 14 48 45 35 41 31 17 2 43 27 32 29 18 30 17 5 46 35 41 9 24 9 38 2 27 15 
0 10 8 29 12 20 27 45 23 4 
45 6 2 40 10 8 32 20 34 7 
47 19 10 3 27 12 7 22 20 39 
11 40 44 20 40 21 22 11 14 33 
21 8 41 6 33 4 0 6 18 18 
27 5 42 2 49 15 47 8 12 16 
10 37 13 6 36 3 27 44 11 44 
17 16 28 12 23 24 9 29 44 25 
10 31 28 22 23 36 9 19 6 21 
16 43 18 12 40 27 21 3 49 6 
8 26 36 15 27 32 37 46 6 30 
41 46 2 49 0 1 14 43 11 5 
7 8 12 5 48 15 10 47 11 9 
39 40 30 39 20 9 1 40 25 41 
39 45 3 34 8 30 41 28 20 48 
13 43 23 8 15 25 29 0 11 13 
0 2 27 35 28 33 16 40 39 24 
2 9 49 21 7 0 23 6 24 2 
23 22 0 38 4 19 19 26 23 27 
28 23 46 34 18 27 44 1 27 8 
21 19 45 1 44 35 49 46 39 23 
7 46 29 30 47 43 3 36 31 40 
45 42 0 41 32 45 12 11 25 4 
25 24 2 18 46 21 40 6 6 9 
41 43 1 47 39 16 9 43 34 4 
47 49 44 19 12 35 18 31 12 48 
39 13 49 28 48 49 19 4 25 34 
12 4 11 24 34 26 13 25 45 19 
18 15 49 40 36 29 2 38 49 17 
8 24 30 4 16 6 23 5 18 36 
48 15 3 2 38 28 40 9 40 36 
45 21 0 1 19 23 40 42 18 34 
21 11 29 43 4 35 16 37 34 19 
6 9 6 36 46 43 14 13 29 49 
2 4 39 44 46 21 37 5 10 23 
45 20 13 38 41 40 21 39 15 35 
11 39 44 3 0 29 26 17 42 14 
25 5 39 33 6 7 7 17 16 33 
33 47 43 25 43 12 24 21 25 7 
17 46 32 1 20 14 24 23 27 45 
