10 20 20 10
33 17 6 6 16 2 14 18 20 9 48 22 34 21 1 44 42 28 36 0 
31 24 24 32 6 9 42 30 3 32 41 27 21 8 1 22 41 43 11 7 
32 43 11 17 29 19 2 46 18 9 42 11 39 28 25 5 43 37 30 11 
21 36 8 20 49 16 34 0 15 5 30 29 5 31 40 28 18 44 44 27 
31 22 0 26 9 1 37 4 36 41 4 20 31 46 16 8 12 34 32 19 
34 24 30 31 18 48 41 3 6 48 24 43 21 31 14 26 34 13 22 3 
8 47 45 18 0 2 7 15 6 45 3 34 9 8 2 33 43 25 35 10 
41 2 1 41 14 41 9 2 21 21 37 17 31 19 11 18 37 21 42 42 
20 46 1 47 27 33 47 46 10 35 41 23 39 7 32 2 1 48 39 1 
6 17 7 42 33 31 11 24 39 7 45 9 39 48 39 22 32 25 6 14 
26 39 6 48 14 4 27 31 32 19 
24 37 16 11 12 32 43 24 17 41 
49 3 3 23 4 11 27 49 32 20 
0 19 45 4 10 27 10 22 4 39 
36 30 18 12 6 45 44 15 46 28 
6 15 47 48 39 18 10 14 9 23 
25 33 26 38 38 38 48 46 4 10 
6 23 3 39 41 13 15 45 0 32 
20 47 48 17 12 8 3 21 18 1 
23 21 19 47 17 20 35 28 40 0 
5 32 38 46 42 3 5 25 24 41 
45 28 37 8 42 16 13 0 13 25 
1 5 37 7 32 11 0 40 26 13 
19 2 45 45 36 46 6 28 16 11 
49 4 33 15 2 10 31 11 36 7 
26 39 31 30 1 41 38 21 23 6 
13 18 46 44 3 10 28 44 2 19 
1 13 13 16 24 34 17 16 48 39 
26 1 47 40 10 33 40 24 5 48 
18 22 17 44 41 3 31 12 4 48 
