20 30 30 10
42 13 37 18 0 34 12 30 10 48 13 8 12 5 35 33 44 4 31 8 24 0 45 33 17 33 0 24 19 20 
37 5 24 19 49 38 38 29 6 22 32 17 16 16 5 8 43 40 16 1 21 42 49 48 13 20 44 43 39 46 
15 44 11 35 23 15 19 24 6 6 10 43 36 15 21 3 10 9 17 4 1 46 4 14 26 44 17 39 32 34 
35 32 42 18 8 13 32 45 13 10 42 5 42 2 9 22 48 44 36 44 24 47 5 31 28 12 32 15 6 18 
6 29 13 2 3 13 3 16 12 39 8 40 25 25 37 25 35 28 4 29 3 28 28 17 1 44 48 11 44 32 
6 35 16 0 3 35 33 32 15 0 37 37 15 7 35 27 11 45 7 31 25 48 15 20 43 41 27 5 18 20 
4 16 41 21 15 9 26 25 41 28 16 45 19 5 32 21 34 22 49 27 40 1 30 41 5 15 24 11 11 30 
26 11 1 44 49 38 33 12 30 40 32 47 18 5 36 34 21 24 19 24 12 16 22 48 45 48 3 31 29 37 
37 12 12 32 40 28 47 14 15 25 45 16 36 0 37 26 16 11 10 4 16 48 41 26 27 4 35 1 23 39 
6 0 18 32 26 4 48 14 6 30 3 15 3 28 44 44 23 2 36 35 10 6 18 40 31 22 16 8 25 32 
8 23 28 40 4 32 44 10 49 25 13 37 4 28 46 10 15 34 47 14 34 18 4 2 4 42 18 11 38 31 
10 0 25 43 9 33 38 23 5 4 8 2 7 27 3 16 31 48 15 29 25 39 32 20 33 3 35 14 13 27 
3 15 48 26 1 15 39 36 23 33 31 18 29 8 39 40 8 39 40 41 19 11 13 2 48 38 46 21 29 7 
37 29 39 26 17 35 46 7 26 31 15 5 19 49 37 30 39 27 44 30 31 32 49 35 45 48 47 3 49 19 
2 21 1 11 10 49 48 48 21 21 28 12 40 31 42 37 0 0 5 34 0 15 42 32 12 33 21 46 30 26 
43 29 26 17 36 41 45 23 32 10 24 9 29 30 35 3 20 22 10 20 41 8 29 16 8 37 20 19 6 44 
32 38 34 31 41 27 11 29 8 25 20 22 28 19 17 46 33 3 3 16 11 35 39 26 46 5 11 17 24 38 
19 43 22 14 20 19 7 48 14 40 45 19 26 20 39 7 3 13 32 22 14 34 27 43 17 47 5 19 2 38 
22 12 11 46 27 47 41 14 39 45 2 19 13 25 3 20 42 8 27 14 15 0 42 40 21 28 13 6 41 0 
37 7 46 12 0 14 12 48 48 47 29 35 11 14 22 10 31 36 4 17 0 21 32 12 37 19 39 46 29 20 
19 3 25 30 11 36 47 21 1 10 
39 6 37 31 45 17 34 36 9 15 
20 10 12 3 11 6 20 29 31 2 
37 6 37 9 27 1 33 20 47 29 
24 47 31 18 34 17 13 3 37 43 
17 18 38 27 40 15 36 29 25 49 
27 19 19 46 9 19 34 22 6 37 
12 43 5 0 12 34 47 45 20 37 
6 7 39 5 26 8 24 36 44 48 
32 9 14 36 15 10 41 13 6 30 
31 47 27 30 37 18 7 4 28 5 
10 23 8 1 45 2 35 43 42 21 
18 37 38 29 2 7 23 42 25 45 
15 33 12 44 46 19 35 27 42 15 
33 41 40 45 7 34 13 14 34 10 
12 6 3 41 27 42 17 22 21 31 
40 30 29 2 26 43 49 7 37 48 
37 27 2 12 45 7 14 22 31 17 
40 15 20 30 2 38 34 8 23 20 
18 30 46 39 14 39 5 16 28 25 
40 10 41 4 16 48 10 46 48 43 
1 31 8 46 42 35 31 40 33 15 
19 39 0 18 16 45 2 33 4 39 
0 46 43 16 11 14 9 35 12 2 
0 45 45 32 47 36 0 44 43 18 
4 40 11 24 23 28 8 2 42 26 
7 14 25 9 0 12 22 36 49 2 
42 13 11 3 32 32 0 23 1 13 
31 38 9 49 11 21 33 7 10 6 
18 38 44 18 2 18 6 43 34 4 
