20 50 50 10
5 5 18 29 21 35 0 7 25 22 8 19 18 16 7 17 15 44 32 13 26 20 20 14 32 31 13 11 0 34 15 22 28 21 6 14 10 38 9 21 11 25 35 10 39 44 33 6 9 16 
23 7 42 19 14 8 44 36 36 40 11 29 4 8 14 29 23 0 39 26 36 5 40 34 26 22 31 42 24 18 34 27 18 32 11 28 26 35 36 8 21 3 6 10 19 2 19 11 29 10 
9 15 16 24 20 21 21 45 19 14 34 38 21 48 30 48 19 11 4 32 31 46 11 0 41 24 14 49 1 39 27 17 37 47 2 39 29 21 1 39 35 17 12 0 27 35 49 34 12 45 
13 37 1 45 39 41 18 34 6 6 21 13 20 10 4 38 31 48 20 35 34 12 19 31 17 8 10 29 6 23 27 25 48 25 29 2 2 23 45 19 10 27 4 42 2 21 30 43 24 46 
48 21 41 45 0 23 3 25 30 31 1 17 17 12 0 24 16 18 29 42 27 43 30 8 22 13 17 34 6 9 47 32 48 31 46 14 37 34 4 32 32 26 12 9 48 11 15 12 15 45 
17 16 18 20 5 5 11 49 27 23 26 43 1 15 8 11 15 49 34 12 49 0 43 25 33 0 26 0 49 43 31 45 14 24 12 6 7 11 39 9 36 35 13 36 23 41 31 4 24 10 
0 40 24 35 2 14 9 18 31 24 32 29 20 17 10 18 29 9 22 31 17 25 15 40 47 6 15 26 23 37 4 37 44 32 23 26 37 36 40 17 8 19 13 28 38 6 29 36 44 12 
38 42 36 39 38 18 34 0 31 32 13 24 2 10 48 1 24 12 34 40 43 5 45 37 20 6 10 43 4 35 38 1 33 4 19 23 43 28 39 16 13 9 15 15 33 5 33 4 28 31 
2 9 20 27 17 4 6 8 17 3 46 40 39 21 18 24 37 12 17 44 38 40 25 11 5 28 41 30 29 26 22 47 33 5 20 20 19 38 17 40 30 47 49 47 6 36 29 48 14 34 
41 43 42 19 0 12 22 2 22 42 44 1 3 36 30 34 1 32 8 39 29 33 28 11 49 28 42 14 21 10 11 39 22 17 39 29 19 3 11 49 11 19 18 42 3 40 12 18 4 28 
47 30 19 2 14 17 14 26 33 32 30 44 46 29 28 18 42 0 47 26 8 47 15 32 48 48 14 31 37 24 43 17 19 26 49 6 37 46 0 6 31 30 31 13 31 1 40 38 24 38 
8 31 11 15 7 28 47 21 44 15 21 49 40 40 26 40 24 31 0 13 45 14 18 6 22 10 13 13 40 27 36 28 26 7 26 9 46 2 27 11 21 39 45 43 7 33 48 19 23 10 
45 19 35 27 30 16 20 3 18 46 5 15 3 24 17 1 40 27 24 0 23 17 46 41 45 2 3 42 8 6 36 48 33 15 47 8 18 47 8 17 7 37 6 18 37 22 27 32 26 41 
9 35 30 39 20 38 2 30 31 47 4 27 12 31 10 11 7 11 39 41 11 42 1 32 15 41 30 41 8 19 49 32 37 11 31 39 23 5 8 11 8 4 30 28 9 27 9 21 1 19 
32 18 13 13 41 39 35 30 36 34 49 49 22 7 47 13 44 42 14 22 6 6 21 2 36 20 16 4 13 41 24 1 0 38 29 8 18 8 0 39 20 20 42 45 24 21 39 39 33 21 
0 35 49 0 15 24 26 42 13 46 23 32 7 28 31 44 19 24 25 22 26 7 32 46 15 48 2 41 2 39 28 28 33 24 34 5 42 7 30 47 42 21 11 6 18 34 28 39 19 16 
19 3 48 49 29 9 41 28 30 45 17 48 13 40 12 22 22 25 11 2 2 0 18 1 38 23 0 32 39 44 0 12 38 7 30 28 47 41 3 7 22 35 20 44 47 23 42 0 47 5 
1 34 7 27 41 27 12 1 37 29 29 33 35 22 27 32 0 29 32 2 41 12 47 33 25 45 35 34 28 45 32 21 41 11 41 33 9 26 39 12 30 11 10 8 23 20 39 2 46 6 
37 11 43 10 32 34 9 45 28 18 14 47 49 13 13 12 19 27 2 3 47 41 6 35 49 7 6 28 22 17 48 3 1 41 25 35 21 17 1 17 42 22 19 36 19 16 31 42 40 47 
2 16 11 24 35 27 6 9 21 5 41 40 30 6 46 15 25 32 19 27 47 22 13 25 31 7 48 19 34 0 2 12 7 44 3 8 15 26 35 26 28 19 5 42 10 2 21 25 15 39 
45 49 46 18 40 21 45 39 41 10 
33 30 36 10 32 1 28 12 15 48 
30 44 2 38 48 45 36 5 8 12 
35 34 4 21 0 27 45 12 21 12 
15 43 38 34 6 28 13 8 32 0 
39 40 32 10 15 31 46 26 25 28 
37 29 18 2 36 16 47 49 28 21 
17 49 22 26 30 45 9 23 39 6 
33 39 23 43 18 12 36 12 46 8 
35 38 4 35 27 15 24 21 16 24 
38 1 20 22 49 42 42 18 12 48 
41 34 21 44 2 39 37 0 5 4 
22 45 6 14 36 9 29 32 18 23 
28 18 38 12 32 36 42 13 36 30 
35 8 34 12 40 31 28 12 8 28 
42 36 34 13 41 43 49 31 28 18 
49 14 46 38 27 16 33 29 22 26 
45 33 40 27 26 22 36 20 42 3 
34 8 33 15 42 12 35 0 24 43 
36 48 30 13 30 42 13 1 48 27 
33 2 12 43 2 30 11 31 17 4 
43 20 18 40 13 34 1 15 20 3 
0 3 7 22 1 10 3 13 20 28 
1 32 6 31 39 45 42 46 8 23 
0 15 40 35 20 0 32 15 24 23 
6 8 30 36 41 17 2 39 8 11 
41 18 46 39 28 6 37 45 34 11 
32 27 13 49 22 15 17 23 38 44 
6 16 9 20 33 19 5 9 32 21 
20 36 13 23 13 48 24 37 42 15 
29 37 35 22 22 16 26 31 44 10 
44 7 44 6 13 43 40 15 25 40 
12 18 47 12 49 46 4 22 15 31 
22 44 29 30 24 13 25 22 46 8 
40 37 19 18 41 16 20 43 11 3 
30 30 36 13 29 9 40 22 12 14 
30 11 12 28 44 23 43 26 39 12 
31 0 18 23 16 17 15 35 25 13 
16 12 35 32 28 45 13 10 36 43 
8 13 36 17 2 30 19 17 6 31 
28 0 10 17 24 25 0 5 21 40 
31 17 18 35 29 35 33 10 34 29 
36 18 33 9 36 29 46 14 1 44 
4 18 38 43 2 36 2 33 16 15 
12 43 15 7 29 22 41 36 19 18 
12 5 20 49 28 33 20 49 9 21 
31 47 46 17 20 43 9 32 48 21 
9 29 7 30 48 42 17 10 25 44 
36 5 21 14 11 20 18 0 35 42 
9 1 40 27 44 20 39 29 31 40 
