40 5 5 50
47 35 28 30 18 
5 2 40 17 39 
10 8 3 45 8 
0 47 37 19 43 
10 44 38 20 22 
38 40 38 3 19 
9 5 3 49 9 
20 36 23 15 27 
46 44 43 5 36 
6 36 31 26 15 
14 17 33 26 40 
14 14 36 48 38 
18 33 28 42 38 
6 28 25 35 0 
36 13 29 4 25 
13 37 11 23 20 
12 19 16 42 28 
2 32 11 22 44 
40 0 29 46 39 
40 47 39 43 33 
40 18 48 32 35 
47 10 19 49 13 
33 41 12 35 25 
41 1 35 2 42 
13 33 4 37 19 
16 5 46 21 47 
32 29 29 29 36 
47 12 48 4 46 
31 0 42 26 5 
23 33 15 18 42 
40 28 14 10 20 
44 12 14 42 9 
27 24 10 15 11 
1 42 35 26 8 
25 34 46 38 32 
2 27 22 21 13 
22 40 29 45 0 
16 12 21 10 41 
48 28 10 47 6 
29 39 34 40 43 
19 8 11 7 5 4 16 49 19 20 29 13 42 15 10 0 10 47 2 33 23 35 4 39 3 46 15 10 36 2 44 19 2 37 48 11 0 49 40 11 27 29 20 31 32 21 32 33 20 28 
11 19 8 29 3 7 24 41 46 39 24 0 42 7 15 2 1 40 23 26 13 28 5 34 22 41 26 42 14 29 11 39 31 22 0 24 0 1 16 14 2 49 12 40 30 1 38 34 33 41 
48 35 10 18 32 41 4 47 14 43 29 42 20 10 3 12 31 20 30 47 38 24 48 27 39 29 36 5 8 35 49 5 20 48 3 19 4 40 35 36 27 16 13 34 13 30 28 37 22 45 
31 22 30 11 20 12 39 40 41 41 28 24 0 45 33 26 2 31 17 41 8 31 39 2 21 26 9 39 19 36 27 40 24 0 18 45 39 13 38 14 41 21 18 12 9 49 13 2 44 42 
30 35 22 46 10 2 1 26 2 1 30 21 7 35 36 10 41 30 37 2 6 12 3 31 29 13 18 24 32 14 2 40 27 44 48 37 48 26 6 33 11 8 41 29 23 11 8 42 30 40 
