30 10 10 40
45 14 40 28 24 41 8 27 13 18 
39 7 39 48 41 4 31 32 48 14 
24 35 7 32 26 4 3 3 49 18 
33 48 1 12 13 34 30 15 25 22 
17 34 23 33 18 37 17 42 5 10 
48 39 5 12 30 15 33 16 15 5 
45 29 5 38 7 33 38 49 3 28 
31 42 45 21 3 33 46 5 27 5 
6 40 6 31 34 45 19 3 32 21 
26 31 31 19 23 24 17 39 41 42 
34 23 8 30 10 14 5 8 3 0 
15 47 39 43 14 22 15 26 6 23 
8 4 14 9 24 31 38 38 19 3 
2 38 8 48 33 26 38 49 21 41 
45 44 26 45 21 25 30 24 6 15 
49 40 17 18 40 13 11 21 10 10 
48 30 27 20 24 21 28 12 37 47 
24 3 13 34 8 26 22 26 32 14 
21 11 18 20 2 24 10 16 11 15 
10 26 46 23 33 35 32 0 34 19 
23 15 1 5 21 22 38 34 1 26 
23 7 47 2 39 2 4 27 9 37 
5 35 29 14 48 8 19 17 15 6 
39 46 32 1 43 33 34 41 49 4 
44 10 16 37 24 34 2 9 49 23 
6 44 30 34 49 23 7 40 23 31 
3 5 35 29 27 19 0 3 29 39 
40 42 23 30 30 32 36 11 41 13 
20 2 49 29 19 19 32 12 20 25 
42 47 16 43 10 24 12 41 43 35 
16 23 20 6 18 42 10 15 48 10 47 24 44 31 11 31 39 8 41 21 40 21 3 43 32 27 11 0 6 9 49 32 15 47 25 21 49 35 24 25 
16 16 39 37 9 23 10 27 13 18 3 39 26 43 1 7 33 10 43 37 39 47 31 11 19 44 28 37 14 5 42 19 5 1 42 12 24 24 33 20 
4 39 6 26 17 37 32 33 45 6 45 27 31 0 34 38 10 44 42 3 41 11 14 25 27 46 17 31 42 1 47 41 5 42 47 7 20 22 28 41 
47 31 23 9 40 15 16 28 4 26 6 10 33 45 8 5 30 6 12 29 1 27 31 4 27 40 31 45 44 43 0 3 15 26 12 35 3 19 14 26 
30 16 42 6 25 1 38 32 3 0 41 8 11 44 19 14 11 10 23 38 23 19 25 17 1 9 5 34 24 36 42 43 19 45 26 33 20 35 13 28 
37 29 42 2 48 23 49 6 26 28 33 1 32 17 49 35 7 20 42 5 3 46 9 45 12 47 42 7 1 26 20 45 34 10 14 33 9 28 25 31 
12 19 45 13 29 34 43 3 24 16 2 34 7 17 23 20 15 43 33 33 49 29 3 38 16 30 22 10 48 24 33 6 1 1 44 43 1 16 23 8 
14 8 0 23 43 35 29 23 26 5 31 11 1 40 2 24 32 46 11 11 47 37 32 14 22 32 27 27 16 23 3 33 11 16 4 49 34 44 36 49 
15 16 42 9 42 21 23 44 32 31 1 48 7 12 47 27 33 48 3 41 30 43 30 32 37 20 11 42 31 24 4 37 2 42 46 22 9 40 38 11 
5 14 9 6 28 28 7 1 36 21 41 28 14 0 46 46 33 30 22 37 13 17 1 18 26 22 41 21 29 48 16 3 23 36 45 8 44 8 27 8 
